0.0 0.0 0.0 
0.0 0.0 0.0 
0.0 0.0 0.0 
0.0 0.0 0.0 
0.0 0.0 0.0 
0.0 0.0 0.0 
0.0 0.0 0.0 
0.0 0.0 0.0 
0.0 0.0 0.0 
0.0 0.0 0.0 
0.0 0.0 0.0 
0.0 0.0 0.0 
0.0 0.0 0.0 
0.0 0.0 0.0 
0.0 0.0 0.0 
0.0 0.0 0.0 
60.46272090867865 27.216244811999623 25.5 
89.76140322201599 25.5 25.5 
0.0 0.0 0.0 
0.0 0.0 0.0 
0.0 0.0 0.0 
0.0 0.0 0.0 
0.0 0.0 0.0 
0.0 0.0 0.0 
0.0 0.0 0.0 
25.5 54.636628464175004 25.5 
44.41075783939057 52.36273837517231 25.5 
76.85346503315222 38.98362917421668 25.5 
89.76140322201599 25.5 25.5 
0.0 0.0 0.0 
0.0 0.0 0.0 
0.0 0.0 0.0 
0.0 0.0 0.0 
0.0 0.0 0.0 
0.0 0.0 0.0 
25.5 71.94756635821803 25.5 
25.5 95.40354584079955 25.5 
44.410757839390584 52.362738375172306 25.5 
60.46272090867867 27.21624481199963 25.5 
0.0 0.0 0.0 
0.0 0.0 0.0 
0.0 0.0 0.0 
0.0 0.0 0.0 
0.0 0.0 0.0 
0.0 0.0 0.0 
0.0 0.0 0.0 
25.5 71.94756635821804 25.5 
25.5 54.636628464175004 25.5 
0.0 0.0 0.0 
0.0 0.0 0.0 
0.0 0.0 0.0 
0.0 0.0 0.0 
32.54304864159548 11.166382081264626 17.849999999999998 
70.8777037767896 13.499999947644755 17.849999999999998 
77.55977549084766 7.6499999999999995 17.849999999999998 
0.0 0.0 0.0 
0.0 0.0 0.0 
76.69314778033039 50.96296009033115 25.5 
101.60114691522924 35.62309067933763 25.5 
0.0 0.0 0.0 
0.0 0.0 0.0 
0.0 0.0 0.0 
29.188334072207454 20.746576093191184 17.849999999999998 
58.99331144186409 22.32103107180231 17.849999999999998 
70.87770377678962 13.499999947644755 17.849999999999998 
0.0 0.0 0.0 
25.5 52.00284530944044 25.5 
56.79787742947167 96.72715644058717 25.5 
80.0892696459005 56.49041439411248 25.5 
69.89046946496515 25.5 25.5 
0.0 0.0 0.0 
0.0 0.0 0.0 
20.400000000000006 18.86869775808647 17.849999999999998 
29.18833407220744 20.746576093191187 17.849999999999998 
32.54304864159548 11.166382081264626 17.849999999999998 
0.0 0.0 0.0 
0.0 0.0 0.0 
25.5 70.43103836098872 25.5 
35.662916386096654 54.47222772002475 25.5 
0.0 0.0 0.0 
0.0 0.0 0.0 
0.0 0.0 0.0 
0.0 0.0 0.0 
0.0 0.0 0.0 
0.0 0.0 0.0 
0.0 0.0 0.0 
0.0 0.0 0.0 
0.0 0.0 0.0 
0.0 0.0 0.0 
0.0 0.0 0.0 
0.0 0.0 0.0 
0.0 0.0 0.0 
0.0 0.0 0.0 
0.0 0.0 0.0 
0.0 0.0 0.0 
0.0 0.0 0.0 
0.0 0.0 0.0 
0.0 0.0 0.0 
0.0 0.0 0.0 
0.0 0.0 0.0 